-69.0
-30.5
-22.5
-16.0
13.0
45.5
46.0
56.5
63.5
77.5
63.5
71.5
68.0
81.0
67.0
77.0
76.5
70.0
82.5
73.5
80.0
83.0
83.5
84.0
83.5
95.0
95.0
102.0
109.0
109.0
104.5
104.0
107.0
113.5
112.0
105.0
101.5
99.0
108.5
99.0
118.0
125.0
120.5
127.5
119.5
124.5
126.5
128.0
121.0
120.5
135.0
139.0
133.0
143.5
141.0
144.5
142.5
124.5
151.0
150.0
150.5
146.0
143.0
143.0
153.0
168.0
162.5
158.0
161.5
154.5
165.5
163.5
173.0
173.5
170.5
165.5
158.5
169.5
179.5
171.5
168.5
160.5
165.0
159.0
170.5
173.5
179.0
174.5
170.5
187.0
163.0
182.0
200.0
203.5
181.0
191.0
198.5
203.5
200.0
198.0
200.0
186.0
197.5
190.5
193.5
208.5
200.5
193.0
189.5
201.5
202.0
203.5
211.0
206.5
205.5
217.0
202.0
201.5
216.5
209.0
198.5
203.5
205.0
204.0
203.0
210.0
212.5
202.5
206.0
195.0
204.5
216.5
214.5
205.5
205.5
210.0
201.0
212.0
207.5
216.0
214.5
219.5
218.5
213.5
220.5
218.0
225.0
221.5
216.5
218.5
217.5
220.0
218.5
219.5
230.0
221.5
230.0
221.0
223.5
218.5
218.5
224.5
222.5
236.0
213.5
224.5
221.0
227.5
225.5
231.5
240.0
233.0
231.5
227.5
234.0
218.0
238.0
259.0
249.5
233.5
245.0
248.0
249.5
240.5
245.5
244.0
254.5
253.5
251.5
250.0
257.0
250.5
254.5
253.5
257.0
257.5
256.0
258.5
253.5
254.0
266.0
254.0
262.0
259.0
259.0
262.0
259.0
256.5
263.0
264.5
266.5
254.0
257.5
269.5
261.5
261.5
257.0
245.0
268.5
264.0
258.0
258.0
253.5
267.5
263.5
256.0
266.0
250.0
266.0
248.0
265.5
264.0
270.0
258.0
260.5
267.0
259.0
264.5
259.5
256.0
273.0
255.0
262.0
264.5
266.5
274.0
265.0
264.0
263.0
278.0
270.0
267.5
263.5
272.0
277.0
273.5
278.5
261.0
276.5
260.5
278.5
275.0
271.5
264.0
283.0
276.5
275.5
265.5
283.0
286.0
282.5
275.5
276.0
288.0
281.5
289.0
280.0
283.5
283.0
273.0
273.0
283.5
264.5
279.0
283.5
285.0
295.0
275.5
273.0
275.5
263.5
277.5
289.0
277.0
282.0
276.5
280.0
270.0
279.5
275.5
276.0
284.0
278.5
282.0
280.0
285.5
281.0
290.5
295.5
283.0
281.0
286.5
292.5
282.5
282.0
284.0
296.0
291.5
284.0
289.5
277.5
284.5
292.0
282.0
286.0
293.5
292.0
295.5
297.0
284.0
301.5
292.0
283.5
286.0
283.0
295.5
297.0
295.0
298.5
287.5
290.5
301.5
294.5
304.0
287.5
301.0
291.0
289.5
288.0
291.0
282.5
297.5
299.0
299.0
302.0
297.0
299.5
293.0
302.0
298.5
295.0
301.5
287.0
302.0
289.0
297.5
300.5
298.5
295.5
299.0
289.5
302.0
296.5
289.0
300.0
298.0
280.5
296.0
302.0
293.5
306.5
292.0
308.5
308.5
289.0
294.0
293.5
306.0
298.5
300.0
300.0
310.0
296.0
309.5
302.5
306.5
310.0
295.0
295.0
308.5
304.0
304.5
301.0
307.0
298.5
311.5
306.5
316.0
296.5
308.5
303.5
303.0
303.5
305.0
307.5
300.5
307.5
311.0
298.5
307.5
309.0
301.0
303.0
307.5
295.0
308.5
296.5
304.0
311.0
310.5
308.0
309.0
311.5
307.0
307.5
317.0
308.0
296.0
303.5
309.0
303.0
305.5
306.5
308.5
301.5
301.5
316.0
310.5
300.0
316.5
305.0
309.0
314.0
313.0
307.0
303.5
307.0
307.5
309.5
309.0
300.5
314.0
312.5
309.5
304.0
308.0
314.5
316.0
309.5
310.5
311.0
304.5
311.0
305.0
300.5
310.5
313.0
307.5
302.5
312.0
306.5
310.0
304.5
302.5
315.5
309.0
300.5
310.0
321.5
306.0
295.5
311.5
315.0
303.0
311.5
305.5
319.5
300.5
318.0
312.5
317.0
309.5
299.5
318.5
319.5
309.5
310.0
308.5
314.0
317.0
313.5
326.5
309.5
319.0
323.5
310.0
305.5
307.5
314.5
316.0
319.0
310.0
317.0
319.0
316.5
304.5
319.0
317.0
309.0
292.5
313.5
308.0
313.0
317.0
310.0
314.5
307.5
314.0
319.5
310.0
320.5
308.0
308.0
317.0
320.0
307.0
315.5
320.0
323.5
316.5
321.0
316.5
307.5
324.5
321.5
319.5
313.5
313.0
324.5
317.5
313.0
317.0
314.5
317.0
318.5
320.0
317.0
319.0
316.0
319.0
319.0
314.5
315.0
317.0
316.0
313.0
318.5
313.5
312.5
318.0
317.5
310.0
317.0
310.5
320.5
323.0
314.5
317.5
314.5
314.5
325.5
308.5
316.0
321.5
311.5
312.0
316.0
308.5
315.5
301.5
317.0
320.0
317.0
316.0
317.0
318.5
323.5
317.5
319.5
317.0
315.5
315.5
304.0
321.0
324.5
318.0
319.0
319.5
317.5
315.5
320.5
310.5
320.0
320.5
318.5
320.0
317.5
328.0
319.0
320.5
318.5
317.5
307.0
326.5
304.5
313.0
317.0
312.0
323.5
322.0
321.5
311.0
317.0
321.5
325.0
317.0
324.5
307.5
303.5
304.5
316.0
327.0
316.5
321.5
323.0
328.0
315.0
323.5
321.0
321.0
319.0
321.0
309.5
317.0
313.0
314.0
323.0
308.0
322.0
322.0
314.0
323.0
327.0
319.0
324.0
324.0
319.5
321.0
323.5
326.5
322.0
322.0
328.5
313.0
333.0
326.0
314.5
332.5
324.5
319.0
323.5
320.5
324.0
315.5
330.5
326.5
322.0
325.5
313.0
315.5
321.0
321.5
329.5
317.5
326.0
333.5
326.0
332.0
325.5
326.0
318.5
325.5
328.5
317.5
323.0
322.5
328.5
328.5
333.5
328.0
330.5
334.5
318.0
325.5
329.5
322.0
332.0
325.0
324.5
326.5
323.0
336.0
327.0
335.0
335.0
328.5
322.0
324.5
327.0
331.5
337.5
319.0
330.0
318.5
325.0
328.0
326.0
329.0
318.5
324.0
334.0
323.0
322.5
313.5
327.0
316.5
330.5
331.0
326.5
322.5
323.0
330.0
323.5
328.0
325.5
314.5
321.5
323.0
331.5
326.5
322.0
322.5
320.0
338.0
320.5
322.0
334.5
328.5
327.0
323.5
322.0
319.0
328.5
322.0
329.5
320.0
332.0
321.5
332.0
333.0
326.5
316.5
326.5
326.0
321.0
315.5
328.5
333.5
329.5
336.5
332.5
331.5
336.0
332.5
331.5
329.0
335.5
333.5
333.0
330.5
338.0
328.0
336.0
340.0
335.0
325.0
337.0
318.5
337.0
329.0
322.5
327.0
334.0
327.5
323.5
333.5
339.0
333.5
326.5
330.0
329.0
335.5
326.5
324.5
329.0
327.0
331.0
333.5
336.0
332.5
330.0
315.0
333.0
321.5
331.0
334.0
330.0
330.0
334.5
325.0
334.5
340.5
340.5
326.5
337.5
330.5
331.5
336.0
324.5
337.5
332.0
328.0
325.0
334.0
332.0
341.0
338.0
337.5
341.0
332.0
333.0
320.0
338.0
330.0
336.5
328.5
340.0
335.0
339.0
323.0
333.0
331.0
342.0
342.0
334.5
337.5
334.0
331.0
335.0
337.5
337.0
342.5
334.5
332.0
338.5
330.5
326.0
325.0
332.5
336.0
339.0
337.5
336.5
333.0
339.0
329.5
336.5
340.5
343.0
334.5
317.5
324.5
334.0
328.0
337.5
339.0
336.0
339.5
339.5
329.0
333.5
324.0
326.5
331.5
330.0
331.0
335.0
331.0
332.5
327.5
332.0
329.0
333.5
333.5
342.5
324.0
324.5
330.0
317.5
330.0
335.5
333.0
326.5
335.5
337.0
333.5
330.5
340.0
332.5
329.0
338.0
324.5
331.0
320.5
339.0
330.5
327.0
324.0
320.5
336.5
332.5
321.0
317.0
291.5
314.5
325.0
334.0
326.0
327.0
334.5
334.5
330.0
321.0
339.5
323.0
338.0
326.5
329.5
330.0
328.0
330.0
338.0
328.0
330.0
330.5
333.5
333.5
328.0
328.5
322.0
332.0
324.5
328.0
321.5
329.0
326.5
341.5
335.0
326.0
331.5
